4.613861386138614074e-01
5.089108910891089188e-01
5.396039603960396391e-01
4.524752475247525441e-01
4.970297029702970271e-01
6.019801980198019598e-01
5.237623762376237835e-01
7.009900990099010576e-01
6.693069306930693463e-01
4.782178217821782540e-01
6.544554455445544816e-01
5.287128712871287384e-01
7.356435643564356308e-01
5.326732673267327023e-01
5.574257425742574767e-01
6.821782178217821180e-01
5.069306930693069368e-01
6.455445544554455628e-01
6.881188118811881749e-01
5.396039603960396391e-01
5.633663366336634226e-01
7.148514851485148203e-01
4.782178217821782540e-01
8.544554455445545482e-01
5.683168316831683775e-01
5.207920792079208105e-01
6.712871287128713282e-01
5.168316831683168466e-01
5.237623762376237835e-01
7.415841584158415767e-01
4.702970297029703262e-01
4.396039603960396613e-01
4.772277227722772630e-01
4.485148514851485801e-01
4.910891089108910812e-01
5.801980198019802692e-01
6.693069306930693463e-01
5.227722772277227925e-01
5.376237623762376572e-01
5.237623762376237835e-01
6.603960396039604275e-01
7.128712871287129493e-01
5.049504950495049549e-01
4.207920792079208328e-01
4.742574257425742901e-01
1.000000000000000000e+00
4.465346534653465427e-01
4.881188118811881083e-01
4.465346534653465427e-01
7.524752475247524774e-01
5.841584158415842332e-01
6.900990099009900458e-01
7.752475247524752699e-01
6.405940594059406079e-01
7.089108910891089854e-01
5.198019801980198196e-01
6.693069306930693463e-01
6.564356435643564636e-01
6.683168316831683553e-01
5.475247524752475670e-01
8.544554455445545482e-01
5.712871287128712394e-01
4.663366336633663622e-01
9.059405940594059681e-01
5.425742574257426121e-01
6.712871287128713282e-01
5.386138613861386482e-01
6.019801980198019598e-01
5.465346534653464650e-01
4.871287128712871173e-01
6.623762376237624094e-01
5.811881188118812602e-01
6.217821782178217793e-01
5.108910891089109008e-01
5.346534653465346842e-01
5.475247524752475670e-01
4.891089108910891547e-01
6.485148514851485357e-01
5.188118811881188286e-01
8.633663366336634670e-01
5.623762376237623206e-01
6.336633663366336711e-01
5.049504950495049549e-01
7.128712871287129493e-01
7.108910891089108564e-01
5.920792079207921610e-01
5.198019801980198196e-01
7.584158415841584233e-01
4.742574257425742901e-01
5.950495049504950229e-01
5.108910891089109008e-01
6.693069306930693463e-01
5.435643564356436030e-01
5.752475247524752033e-01
3.990099009900990312e-01
5.108910891089109008e-01
5.663366336633662845e-01
5.188118811881188286e-01
5.168316831683168466e-01
6.772277227722772741e-01
5.396039603960396391e-01
4.445544554455446162e-01
5.346534653465346842e-01
6.821782178217821180e-01
6.900990099009900458e-01
5.366336633663366662e-01
7.108910891089108564e-01
6.277227722772277252e-01
5.237623762376237835e-01
5.485148514851485579e-01
5.415841584158416211e-01
4.584158415841584344e-01
6.019801980198019598e-01
5.148514851485148647e-01
4.267326732673267231e-01
4.504950495049505066e-01
5.455445544554455850e-01
6.099009900990098876e-01
7.108910891089108564e-01
6.603960396039604275e-01
3.792079207920792117e-01
3.950495049504950673e-01
5.950495049504950229e-01
6.287128712871287162e-01
5.158415841584158557e-01
5.940594059405940319e-01
6.237623762376237613e-01
6.643564356435643914e-01
6.287128712871287162e-01
5.237623762376237835e-01
5.207920792079208105e-01
6.673267326732673643e-01
7.386138613861386037e-01
4.871287128712871173e-01
5.752475247524752033e-01
7.584158415841584233e-01
5.574257425742574767e-01
5.257425742574257654e-01
5.920792079207921610e-01
6.267326732673267342e-01
5.316831683168317113e-01
6.653465346534653824e-01
5.227722772277227925e-01
5.851485148514852241e-01
5.069306930693069368e-01
5.613861386138614407e-01
5.297029702970297294e-01
5.970297029702971159e-01
7.405940594059406967e-01
6.673267326732673643e-01
5.188118811881188286e-01
7.108910891089108564e-01
5.089108910891089188e-01
6.712871287128713282e-01
5.465346534653464650e-01
4.247524752475247967e-01
4.603960396039604719e-01
6.277227722772277252e-01
5.990099009900989868e-01
4.930693069306931187e-01
4.386138613861386149e-01
4.990099009900990090e-01
4.782178217821782540e-01
5.782178217821781763e-01
4.950495049504950451e-01
5.366336633663366662e-01
8.396039603960396835e-01
5.811881188118812602e-01
4.910891089108910812e-01
5.138613861386138737e-01
6.990099009900989646e-01
8.425742574257425455e-01
6.603960396039604275e-01
5.099009900990099098e-01
3.940594059405940763e-01
5.633663366336634226e-01
4.782178217821782540e-01
9.792079207920793005e-01
4.504950495049505066e-01
6.712871287128713282e-01
6.247524752475247523e-01
5.376237623762376572e-01
4.207920792079208328e-01
4.871287128712871173e-01
6.603960396039604275e-01
6.475247524752475448e-01
7.108910891089108564e-01
5.207920792079208105e-01
5.089108910891089188e-01
4.495049504950495156e-01
5.613861386138614407e-01
5.465346534653464650e-01
7.128712871287129493e-01
4.396039603960396613e-01
7.356435643564356308e-01
4.930693069306931187e-01
4.316831683168317335e-01
4.376237623762376239e-01
5.514851485148515309e-01
5.356435643564356752e-01
4.465346534653465427e-01
7.178217821782177932e-01
5.386138613861386482e-01
6.019801980198019598e-01
5.158415841584158557e-01
7.000000000000000666e-01
6.079207920792079056e-01
5.831683168316831312e-01
4.316831683168317335e-01
5.346534653465346842e-01
6.564356435643564636e-01
4.792079207920791895e-01
4.465346534653465427e-01
5.178217821782178376e-01
4.465346534653465427e-01
5.049504950495049549e-01
4.871287128712871173e-01
7.603960396039604053e-01
4.752475247524752255e-01
6.712871287128713282e-01
5.029702970297029729e-01
4.534653465346534795e-01
4.415841584158415878e-01
4.930693069306931187e-01
6.752475247524752922e-01
9.168316831683168688e-01
6.059405940594059237e-01
5.079207920792079278e-01
4.603960396039604719e-01
6.772277227722772741e-01
4.881188118811881083e-01
5.198019801980198196e-01
5.623762376237623206e-01
4.871287128712871173e-01
4.693069306930693352e-01
5.415841584158416211e-01
5.316831683168317113e-01
5.069306930693069368e-01
5.524752475247525219e-01
7.613861386138613963e-01
4.554455445544554060e-01
5.316831683168317113e-01
7.841584158415841888e-01
9.584158415841583789e-01
4.792079207920791895e-01
7.019801980198019375e-01
5.455445544554455850e-01
5.326732673267327023e-01
8.108910891089108341e-01
4.980198019801980736e-01
5.207920792079208105e-01
5.237623762376237835e-01
5.049504950495049549e-01
5.306930693069307203e-01
5.099009900990099098e-01
5.980198019801979958e-01
6.821782178217821180e-01
4.633663366336633338e-01
6.693069306930693463e-01
6.059405940594059237e-01
4.782178217821782540e-01
9.712871287128713726e-01
5.138613861386138737e-01
5.099009900990099098e-01
5.267326732673267564e-01
7.465346534653465316e-01
5.415841584158416211e-01
6.831683168316832200e-01
5.257425742574257654e-01
6.732673267326733102e-01
5.316831683168317113e-01
7.188118811881187842e-01
5.138613861386138737e-01
5.405940594059406301e-01
5.366336633663366662e-01
4.930693069306931187e-01
5.178217821782178376e-01
6.099009900990098876e-01
6.019801980198019598e-01
4.663366336633663622e-01
4.633663366336633338e-01
6.603960396039604275e-01
5.237623762376237835e-01
4.574257425742574434e-01
5.386138613861386482e-01
4.485148514851485801e-01
5.158415841584158557e-01
4.772277227722772630e-01
5.356435643564356752e-01
5.683168316831683775e-01
5.752475247524752033e-01
5.346534653465346842e-01
6.712871287128713282e-01
5.633663366336634226e-01
6.247524752475247523e-01
9.712871287128713726e-01
6.336633663366336711e-01
5.138613861386138737e-01
7.198019801980197752e-01
5.524752475247525219e-01
6.821782178217821180e-01
5.623762376237623206e-01
6.544554455445544816e-01
8.138613861386139181e-01
7.069306930693068924e-01
4.663366336633663622e-01
4.396039603960396613e-01
4.792079207920791895e-01
4.881188118811881083e-01
4.633663366336633338e-01
6.019801980198019598e-01
7.009900990099010576e-01
7.356435643564356308e-01
6.990099009900989646e-01
5.168316831683168466e-01
4.465346534653465427e-01
7.188118811881187842e-01
4.039603960396039861e-01
4.366336633663366884e-01
4.900990099009901457e-01
5.257425742574257654e-01
7.524752475247524774e-01
6.148514851485148425e-01
6.693069306930693463e-01
5.386138613861386482e-01
5.326732673267327023e-01
3.990099009900990312e-01
6.821782178217821180e-01
6.772277227722772741e-01
7.435643564356435586e-01
6.544554455445544816e-01
5.019801980198019820e-01
4.980198019801980736e-01
4.603960396039604719e-01
6.673267326732673643e-01
5.237623762376237835e-01
4.871287128712871173e-01
8.396039603960396835e-01
6.099009900990098876e-01
5.138613861386138737e-01
4.207920792079208328e-01
5.613861386138614407e-01
5.237623762376237835e-01
4.841584158415841443e-01
4.702970297029703262e-01
9.069306930693069591e-01
5.752475247524752033e-01
5.415841584158416211e-01
6.673267326732673643e-01
5.198019801980198196e-01
9.148514851485148869e-01
7.584158415841584233e-01
5.405940594059406301e-01
4.435643564356436253e-01
5.633663366336634226e-01
4.970297029702970271e-01
5.415841584158416211e-01
5.079207920792079278e-01
5.237623762376237835e-01
4.712871287128712616e-01
5.207920792079208105e-01
4.386138613861386149e-01
7.514851485148514865e-01
6.683168316831683553e-01
9.128712871287130159e-01
4.782178217821782540e-01
7.128712871287129493e-01
5.396039603960396391e-01
5.029702970297029729e-01
6.049504950495050437e-01
5.069306930693069368e-01
4.910891089108910812e-01
5.396039603960396391e-01
4.465346534653465427e-01
4.683168316831683997e-01
9.158415841584158779e-01
8.554455445544555392e-01
4.435643564356436253e-01
4.069306930693069591e-01
6.722772277227723192e-01
5.366336633663366662e-01
5.029702970297029729e-01
7.435643564356435586e-01
5.138613861386138737e-01
6.039603960396039417e-01
4.861386138613861818e-01
5.188118811881188286e-01
4.950495049504950451e-01
5.425742574257426121e-01
4.663366336633663622e-01
4.693069306930693352e-01
7.108910891089108564e-01
6.633663366336634004e-01
5.465346534653464650e-01
5.980198019801979958e-01
5.544554455445543928e-01
5.099009900990099098e-01
5.405940594059406301e-01
4.900990099009901457e-01
9.584158415841583789e-01
7.019801980198019375e-01
7.069306930693068924e-01
9.059405940594059681e-01
4.792079207920791895e-01
6.425742574257425899e-01
6.019801980198019598e-01
5.168316831683168466e-01
4.207920792079208328e-01
5.207920792079208105e-01
5.148514851485148647e-01
5.207920792079208105e-01
4.603960396039604719e-01
6.287128712871287162e-01
6.405940594059406079e-01
7.396039603960395947e-01
5.980198019801979958e-01
5.356435643564356752e-01
4.613861386138614074e-01
5.544554455445543928e-01
6.277227722772277252e-01
7.118811881188119584e-01
5.297029702970297294e-01
4.980198019801980736e-01
7.465346534653465316e-01
6.247524752475247523e-01
7.019801980198019375e-01
6.148514851485148425e-01
7.752475247524752699e-01
5.049504950495049549e-01
7.663366336633663511e-01
7.000000000000000666e-01
4.792079207920791895e-01
4.930693069306931187e-01
5.376237623762376572e-01
4.465346534653465427e-01
5.396039603960396391e-01
5.623762376237623206e-01
6.148514851485148425e-01
5.257425742574257654e-01
6.277227722772277252e-01
6.039603960396039417e-01
4.702970297029703262e-01
4.376237623762376239e-01
6.821782178217821180e-01
5.198019801980198196e-01
4.316831683168317335e-01
4.900990099009901457e-01
5.405940594059406301e-01
4.683168316831683997e-01
5.970297029702971159e-01
5.425742574257426121e-01
5.663366336633662845e-01
5.237623762376237835e-01
6.603960396039604275e-01
5.623762376237623206e-01
5.811881188118812602e-01
7.405940594059406967e-01
5.980198019801979958e-01
4.782178217821782540e-01
7.009900990099010576e-01
5.742574257425742124e-01
5.435643564356436030e-01
5.811881188118812602e-01
9.158415841584158779e-01
7.514851485148514865e-01
6.287128712871287162e-01
6.019801980198019598e-01
6.900990099009900458e-01
6.277227722772277252e-01
9.009900990099010132e-01
5.841584158415842332e-01
4.603960396039604719e-01
7.089108910891089854e-01
6.465346534653465538e-01
5.237623762376237835e-01
5.633663366336634226e-01
5.108910891089109008e-01
5.326732673267327023e-01
9.653465346534654268e-01
6.455445544554455628e-01
5.257425742574257654e-01
5.138613861386138737e-01
6.970297029702970937e-01
7.118811881188119584e-01
4.960396039603960361e-01
5.663366336633662845e-01
7.019801980198019375e-01
7.009900990099010576e-01
4.594059405940593699e-01
4.742574257425742901e-01
4.950495049504950451e-01
4.683168316831683997e-01
5.099009900990099098e-01
6.653465346534653824e-01
5.653465346534654046e-01
6.485148514851485357e-01
5.712871287128712394e-01
5.089108910891089188e-01
3.940594059405940763e-01
4.247524752475247967e-01
5.178217821782178376e-01
9.584158415841583789e-01
5.356435643564356752e-01
6.386138613861386260e-01
5.237623762376237835e-01
5.663366336633662845e-01
5.465346534653464650e-01
5.673267326732673865e-01
1.000000000000000000e+00
5.762376237623763053e-01
5.455445544554455850e-01
5.188118811881188286e-01
4.900990099009901457e-01
4.366336633663366884e-01
3.831683168316831756e-01
4.247524752475247967e-01
5.475247524752475670e-01
5.267326732673267564e-01
5.841584158415842332e-01
8.247524752475248189e-01
5.099009900990099098e-01
4.792079207920791895e-01
4.435643564356436253e-01
5.643564356435644136e-01
4.702970297029703262e-01
6.455445544554455628e-01
5.425742574257426121e-01
5.623762376237623206e-01
6.267326732673267342e-01
5.207920792079208105e-01
6.465346534653465538e-01
6.821782178217821180e-01
4.871287128712871173e-01
5.653465346534654046e-01
4.455445544554455517e-01
5.752475247524752033e-01
5.712871287128712394e-01
8.138613861386139181e-01
5.415841584158416211e-01
5.089108910891089188e-01
4.663366336633663622e-01
5.623762376237623206e-01
5.623762376237623206e-01
4.396039603960396613e-01
4.980198019801980736e-01
7.613861386138613963e-01
5.435643564356436030e-01
4.970297029702970271e-01
5.831683168316831312e-01
5.683168316831683775e-01
5.138613861386138737e-01
7.336633663366336489e-01
4.415841584158415878e-01
5.693069306930693685e-01
4.792079207920791895e-01
5.346534653465346842e-01
4.752475247524752255e-01
4.900990099009901457e-01
7.465346534653465316e-01
5.049504950495049549e-01
5.792079207920791672e-01
5.198019801980198196e-01
6.455445544554455628e-01
4.752475247524752255e-01
7.465346534653465316e-01
5.841584158415842332e-01
5.049504950495049549e-01
6.485148514851485357e-01
4.594059405940593699e-01
6.603960396039604275e-01
5.980198019801979958e-01
9.049504950495050881e-01
5.415841584158416211e-01
7.118811881188119584e-01
5.415841584158416211e-01
7.405940594059406967e-01
4.722772277227722526e-01
4.910891089108910812e-01
5.029702970297029729e-01
4.603960396039604719e-01
5.970297029702971159e-01
5.673267326732673865e-01
5.108910891089109008e-01
6.237623762376237613e-01
6.831683168316832200e-01
4.861386138613861818e-01
6.633663366336634004e-01
5.207920792079208105e-01
5.009900990099009910e-01
5.198019801980198196e-01
4.584158415841584344e-01
5.633663366336634226e-01
6.405940594059406079e-01
5.178217821782178376e-01
4.792079207920791895e-01
3.990099009900990312e-01
6.772277227722772741e-01
5.108910891089109008e-01
6.970297029702970937e-01
6.049504950495050437e-01
7.396039603960395947e-01
9.584158415841583789e-01
5.099009900990099098e-01
4.613861386138614074e-01
7.950495049504949785e-01
4.891089108910891547e-01
5.415841584158416211e-01
4.594059405940593699e-01
4.554455445544554060e-01
6.762376237623762831e-01
6.237623762376237613e-01
6.386138613861386260e-01
3.960396039603960583e-01
4.633663366336633338e-01
5.178217821782178376e-01
4.039603960396039861e-01
7.089108910891089854e-01
5.198019801980198196e-01
4.000000000000000222e-01
5.287128712871287384e-01
5.633663366336634226e-01
4.465346534653465427e-01
4.960396039603960361e-01
6.346534653465346620e-01
4.663366336633663622e-01
4.792079207920791895e-01
5.089108910891089188e-01
4.900990099009901457e-01
5.970297029702971159e-01
4.207920792079208328e-01
5.148514851485148647e-01
5.237623762376237835e-01
5.465346534653464650e-01
4.405940594059406523e-01
6.019801980198019598e-01
5.396039603960396391e-01
7.415841584158415767e-01
5.376237623762376572e-01
5.069306930693069368e-01
7.514851485148514865e-01
6.772277227722772741e-01
8.544554455445545482e-01
5.811881188118812602e-01
4.376237623762376239e-01
8.633663366336634670e-01
5.841584158415842332e-01
6.039603960396039417e-01
5.980198019801979958e-01
7.069306930693068924e-01
5.683168316831683775e-01
5.425742574257426121e-01
6.633663366336634004e-01
5.356435643564356752e-01
5.613861386138614407e-01
4.821782178217822179e-01
9.386138613861386704e-01
6.019801980198019598e-01
7.148514851485148203e-01
6.217821782178217793e-01
5.138613861386138737e-01
9.900990099009900902e-01
7.089108910891089854e-01
5.712871287128712394e-01
5.801980198019802692e-01
5.138613861386138737e-01
4.782178217821782540e-01
4.247524752475247967e-01
5.366336633663366662e-01
5.574257425742574767e-01
6.851485148514852019e-01
4.079207920792079500e-01
5.623762376237623206e-01
5.831683168316831312e-01
5.178217821782178376e-01
5.821782178217821402e-01
3.762376237623762387e-01
5.326732673267327023e-01
5.069306930693069368e-01
6.653465346534653824e-01
6.465346534653465538e-01
4.821782178217822179e-01
8.554455445544555392e-01
6.485148514851485357e-01
5.138613861386138737e-01
4.207920792079208328e-01
5.851485148514852241e-01
5.316831683168317113e-01
7.356435643564356308e-01
4.930693069306931187e-01
4.653465346534653713e-01
5.574257425742574767e-01
5.386138613861386482e-01
5.049504950495049549e-01
5.841584158415842332e-01
5.069306930693069368e-01
7.544554455445544594e-01
4.613861386138614074e-01
5.227722772277227925e-01
6.643564356435643914e-01
4.396039603960396613e-01
5.029702970297029729e-01
7.891089108910891436e-01
5.188118811881188286e-01
6.475247524752475448e-01
6.633663366336634004e-01
7.514851485148514865e-01
9.009900990099010132e-01
6.019801980198019598e-01
7.128712871287129493e-01
6.455445544554455628e-01
7.118811881188119584e-01
5.514851485148515309e-01
5.514851485148515309e-01
4.455445544554455517e-01
4.970297029702970271e-01
5.762376237623763053e-01
5.386138613861386482e-01
6.227722772277227703e-01
7.069306930693068924e-01
6.900990099009900458e-01
5.415841584158416211e-01
6.059405940594059237e-01
5.168316831683168466e-01
6.108910891089108786e-01
6.841584158415842110e-01
6.970297029702970937e-01
4.930693069306931187e-01
5.297029702970297294e-01
4.247524752475247967e-01
5.782178217821781763e-01
7.663366336633663511e-01
4.950495049504950451e-01
9.009900990099010132e-01
7.613861386138613963e-01
5.148514851485148647e-01
5.227722772277227925e-01
4.980198019801980736e-01
5.633663366336634226e-01
4.861386138613861818e-01
4.752475247524752255e-01
5.108910891089109008e-01
6.386138613861386260e-01
5.019801980198019820e-01
5.455445544554455850e-01
5.455445544554455850e-01
5.455445544554455850e-01
4.465346534653465427e-01
6.485148514851485357e-01
7.069306930693068924e-01
4.247524752475247967e-01
5.356435643564356752e-01
5.970297029702971159e-01
8.247524752475248189e-01
5.841584158415842332e-01
7.405940594059406967e-01
7.306930693069306759e-01
8.237623762376238279e-01
6.851485148514852019e-01
5.376237623762376572e-01
5.346534653465346842e-01
9.792079207920793005e-01
4.247524752475247967e-01
7.544554455445544594e-01
5.742574257425742124e-01
7.069306930693068924e-01
4.990099009900990090e-01
7.603960396039604053e-01
5.693069306930693685e-01
5.623762376237623206e-01
5.099009900990099098e-01
7.009900990099010576e-01
7.009900990099010576e-01
6.821782178217821180e-01
9.712871287128713726e-01
4.603960396039604719e-01
4.613861386138614074e-01
5.346534653465346842e-01
5.950495049504950229e-01
4.960396039603960361e-01
5.207920792079208105e-01
5.475247524752475670e-01
4.811881188118812269e-01
5.346534653465346842e-01
4.801980198019801804e-01
5.514851485148515309e-01
5.574257425742574767e-01
5.425742574257426121e-01
5.445544554455445940e-01
5.376237623762376572e-01
5.287128712871287384e-01
5.257425742574257654e-01
5.069306930693069368e-01
5.316831683168317113e-01
7.089108910891089854e-01
8.425742574257425455e-01
4.960396039603960361e-01
5.811881188118812602e-01
4.792079207920791895e-01
6.336633663366336711e-01
7.613861386138613963e-01
4.960396039603960361e-01
8.702970297029702929e-01
4.465346534653465427e-01
5.069306930693069368e-01
4.495049504950495156e-01
5.485148514851485579e-01
6.455445544554455628e-01
6.247524752475247523e-01
8.108910891089108341e-01
3.990099009900990312e-01
5.623762376237623206e-01
5.633663366336634226e-01
4.930693069306931187e-01
4.465346534653465427e-01
6.217821782178217793e-01
7.950495049504949785e-01
5.455445544554455850e-01
5.990099009900989868e-01
7.069306930693068924e-01
5.178217821782178376e-01
4.782178217821782540e-01
4.712871287128712616e-01
6.059405940594059237e-01
9.128712871287130159e-01
5.980198019801979958e-01
9.158415841584158779e-01
6.405940594059406079e-01
8.425742574257425455e-01
6.455445544554455628e-01
6.693069306930693463e-01
5.752475247524752033e-01
5.346534653465346842e-01
5.326732673267327023e-01
6.722772277227723192e-01
4.594059405940593699e-01
4.900990099009901457e-01
7.841584158415841888e-01
3.990099009900990312e-01
6.039603960396039417e-01
4.247524752475247967e-01
